100
83.9507
39.4594
78.2533
79.7843
91.0824
19.8156
33.5552
76.7693
27.8219
55.3862
47.7442
62.8613
36.5055
51.3374
95.1325
91.5363
63.544
71.6862
14.2319
60.6755
1.7268
24.3401
13.7957
80.3568
15.7366
40.1143
13.0531
10.9591
99.7927
21.882
51.2907
83.8434
61.2415
29.644
63.7277
52.4239
49.3596
97.1829
29.2932
77.0815
52.6691
76.9374
40.0428
89.0746
28.3748
35.2753
80.7109
91.8188
7.06158
94.8428
52.5943
8.68837
19.2829
66.29
88.9452
34.9195
6.5043
2.0983
45.7786
6.39696
23.8803
96.9693
90.1404
85.0218
26.7132
53.9681
37.5457
75.9728
51.251
66.7388
53.1543
4.02018
43.7762
93.0971
92.9948
72.051
28.4725
73.8057
63.9699
35.4341
68.7486
16.6642
44.0224
87.9315
82.8543
33.0676
22.951
89.2586
35.0659
68.6297
95.5555
58.8463
65.6989
85.7959
43.9681
92.3122
39.864
81.4137
68.385
91.015
